6.822165924847147789e-01
-7.987030931050283222e-02
1.869671620865817285e+00
-7.451585386740401384e-01
6.927620388144208885e-01
-7.520474915490016343e-01
-1.376822113916462420e-01
-4.073830988366749506e-01
7.995740835717604633e-02
-1.001560769054033129e+00
2.236953079583785253e-01
-7.568817941498303670e-01
5.309837278429387908e-01
-7.716749976237792241e-01
6.573496763441276647e-01
-6.965116358243377270e-01
8.826419321901793347e-02
2.289559943128482988e-01
-2.081573773733084387e+00
1.186261449776085719e+00
2.931220341878530422e-01
2.503811811645941354e+00
-1.328399107042474325e+00
-5.496513593413985266e-01
7.441777586847519999e-01
-7.382616927397160633e-02
-3.711320465082072056e-02
-6.568506097976083841e-03
9.413158592331845320e-02
4.033127164133164522e-01
4.806257805523708182e-01
5.052262390321178298e-01
1.969475159364044992e-01
5.865578136616630411e-01
-2.779269953844069274e+00
-1.322707262621970026e+00
-1.749084279287830057e+00
-8.667052591636223990e-01
-7.263265870389403744e-01
-5.048360449796039928e-01
1.025145223966977381e+00
7.931366291480266284e-01
1.270906954775145925e+00
1.374658608812874050e+00
8.629536707733208578e-01
