8.212085686723713529e-01
-1.749834504677514890e-01
-5.828070125759156062e-01
5.065482265950645990e-01
-3.948755993601946179e-01
4.260454318227948067e-01
-4.253218480959484182e-01
3.227071011981313964e-01
-1.572247836844645308e+00
1.519724182036772175e+00
-5.835463266676915728e-01
-5.794884988072167564e-01
7.232530062577635643e-01
6.017544260139944257e-01
-3.733894794255347427e-01
4.926206724167226936e-01
-5.921067145404117493e-01
3.327635655627177863e-02
1.248690149669908211e-01
-8.861904583928063017e-01
-1.075465144488618963e+00
1.026573673401999010e+00
-1.146714003623944045e+00
2.435785194228717643e+00
4.794613716919268742e-01
7.502000507926949169e-01
9.398933580620055794e-01
-8.510353387316862417e-01
5.242239260194971884e-01
-6.906416977061480278e-01
1.071794846811483480e-02
-8.232672893664800817e-01
-8.513660428653705425e-01
1.339782629292152860e+00
1.187934429933313663e+00
3.893731403468615460e-01
-1.612259382563265175e+00
9.474989556071823360e-01
7.207552434573645250e-01
-8.189188050579000455e-01
2.517830114461290680e+00
-1.467775958765475064e+00
-1.615045053754888382e+00
-1.387067925312814198e+00
-3.375231548852921648e-01
